k,n,p1,p2,p3,p4,p5,p6
1,1,0.1666666667,0.1666666667,0.1666666667,0.1666666667,0.1666666667,0.1666666667
1,2,0.3055555556,0.2500000000,0.1944444444,0.1388888889,0.08333333333,0.02777777778
2,2,0.02777777778,0.08333333333,0.1388888889,0.1944444444,0.2500000000,0.3055555556
1,3,0.4212962963,0.2824074074,0.1712962963,0.08796296296,0.03240740741,0.004629629630
2,3,0.07407407407,0.1851851852,0.2407407407,0.2407407407,0.1851851852,0.07407407407
3,3,0.004629629630,0.03240740741,0.08796296296,0.1712962963,0.2824074074,0.4212962963
1,4,0.5177469136,0.2847222222,0.1350308642,0.05015432099,0.01157407407,0.0007716049383
2,4,0.1319444444,0.2754629630,0.2800925926,0.2013888889,0.09490740741,0.01620370370
3,4,0.01620370370,0.09490740741,0.2013888889,0.2800925926,0.2754629630,0.1319444444
4,4,0.0007716049383,0.01157407407,0.05015432099,0.1350308642,0.2847222222,0.5177469136
1,5,0.5981224280,0.2701903292,0.1004372428,0.02713477366,0.003986625514,0.0001286008230
2,5,0.1962448560,0.3428497942,0.2734053498,0.1422325103,0.04192386831,0.003343621399
3,5,0.03549382716,0.1743827160,0.2901234568,0.2901234568,0.1743827160,0.03549382716
4,5,0.003343621399,0.04192386831,0.1422325103,0.2734053498,0.3428497942,0.1962448560
5,5,0.0001286008230,0.003986625514,0.02713477366,0.1004372428,0.2701903292,0.5981224280
1,6,0.6651020233,0.2471064815,0.07216649520,0.01425325789,0.001350308642,0.00002143347051
2,6,0.2632244513,0.3856095679,0.2417909808,0.09154235254,0.01716820988,0.0006644375857
3,6,0.06228566529,0.2573302469,0.3366340878,0.2436128258,0.09143518519,0.008701989026
4,6,0.008701989026,0.09143518519,0.2436128258,0.3366340878,0.2573302469,0.06228566529
5,6,0.0006644375857,0.01716820988,0.09154235254,0.2417909808,0.3856095679,0.2632244513
6,6,0.00002143347051,0.001350308642,0.01425325789,0.07216649520,0.2471064815,0.6651020233
1,7,0.7209183528,0.2205539838,0.05071516347,0.007355252629,0.0004536751257,0.000003572245085
2,7,0.3302040466,0.4064214678,0.2008744856,0.05564128944,0.006730109739,0.0001286008230
3,7,0.09577546296,0.3335798182,0.3440822188,0.1812950103,0.04326346022,0.002004029492
4,7,0.01763260174,0.1556641518,0.3267032465,0.3267032465,0.1556641518,0.01763260174
5,7,0.002004029492,0.04326346022,0.1812950103,0.3440822188,0.3335798182,0.09577546296
6,7,0.0001286008230,0.006730109739,0.05564128944,0.2008744856,0.4064214678,0.3302040466
7,7,0.000003572245085,0.0004536751257,0.007355252629,0.05071516347,0.2205539838,0.7209183528
1,8,0.7674319606,0.1935495971,0.03511219231,0.003753834210,0.0001518204161,0.0000005953741808
2,8,0.3953230977,0.4095846908,0.1599359616,0.03256518157,0.002566658093,0.00002441034141
3,8,0.1348468936,0.3969317987,0.3236900577,0.1248696131,0.01922046468,0.0004411722679
4,8,0.03065641194,0.2279931842,0.3780691539,0.2753373390,0.08333511946,0.004608791533
5,8,0.004608791533,0.08333511946,0.2753373390,0.3780691539,0.2279931842,0.03065641194
6,8,0.0004411722679,0.01922046468,0.1248696131,0.3236900577,0.3969317987,0.1348468936
7,8,0.00002441034141,0.002566658093,0.03256518157,0.1599359616,0.4095846908,0.3953230977
8,8,0.0000005953741808,0.0001518204161,0.003753834210,0.03511219231,0.1935495971,0.7674319606
1,9,0.8061933005,0.1677944046,0.02405916987,0.001902319737,0.00005070603440,0.00000009922903013
2,9,0.4573412415,0.3995911367,0.1235363718,0.01856594999,0.0009607354697,0.000004564535386
3,9,0.1782595943,0.4445621301,0.2873345257,0.08156249206,0.008187387276,0.00009387066250
4,9,0.04802149221,0.3016711359,0.3964011218,0.2114838550,0.04128661948,0.001135775479
5,9,0.008950061601,0.1358957444,0.3551541940,0.3551541940,0.1358957444,0.008950061601
6,9,0.001135775479,0.04128661948,0.2114838550,0.3964011218,0.3016711359,0.04802149221
7,9,0.00009387066250,0.008187387276,0.08156249206,0.2873345257,0.4445621301,0.1782595943
8,9,0.000004564535386,0.0009607354697,0.01856594999,0.1235363718,0.3995911367,0.4573412415
9,9,0.00000009922903013,0.00005070603440,0.001902319737,0.02405916987,0.1677944046,0.8061933005
1,10,0.8384944171,0.1441640530,0.01636496742,0.0009596274122,0.00001691854964,0.00000001653817169
2,10,0.5154832513,0.3804675692,0.09330699199,0.01038655066,0.0003547933972,0.0000008434467561
3,10,0.2247732021,0.4760854068,0.2444538910,0.05128354735,0.003384503760,0.00001944888990
4,10,0.06972784255,0.3710078177,0.3873893398,0.1522133631,0.01939411548,0.0002675214652
5,10,0.01546196670,0.1976661134,0.4099187949,0.3003895930,0.07412537548,0.002438156499
6,10,0.002438156499,0.07412537548,0.3003895930,0.4099187949,0.1976661134,0.01546196670
7,10,0.0002675214652,0.01939411548,0.1522133631,0.3873893398,0.3710078177,0.06972784255
8,10,0.00001944888990,0.003384503760,0.05128354735,0.2444538910,0.4760854068,0.2247732021
9,10,0.0000008434467561,0.0003547933972,0.01038655066,0.09330699199,0.3804675692,0.5154832513
10,10,0.00000001653817169,0.00001691854964,0.0009596274122,0.01636496742,0.1441640530,0.8384944171
1,11,0.8654120143,0.1230269658,0.01107273869,0.0004826362207,0.000005642272908,0.000000002756361948
2,11,0.5693184456,0.3555349247,0.06928725464,0.005729539327,0.0001296813169,0.0000001543562691
3,11,0.2732248770,0.4926644691,0.2013958101,0.03134310164,0.001367797759,0.000003944353948
4,11,0.09556873582,0.4318745740,0.3592754402,0.1044580693,0.008762386429,0.00006079431912
5,11,0.02450627935,0.2644909941,0.4365886640,0.2357851272,0.03799964132,0.0006292939709
6,11,0.004608791533,0.1174762565,0.3779149520,0.3779149520,0.1174762565,0.004608791533
7,11,0.0006292939709,0.03799964132,0.2357851272,0.4365886640,0.2644909941,0.02450627935
8,11,0.00006079431912,0.008762386429,0.1044580693,0.3592754402,0.4318745740,0.09556873582
9,11,0.000003944353948,0.001367797759,0.03134310164,0.2013958101,0.4926644691,0.2732248770
10,11,0.0000001543562691,0.0001296813169,0.005729539327,0.06928725464,0.3555349247,0.5693184456
11,11,0.000000002756361948,0.000005642272908,0.0004826362207,0.01107273869,0.1230269658,0.8654120143
1,12,0.8878433452,0.1044493082,0.007463206004,0.0002422589486,0.000001881217030,0.0000000004593936580
2,12,0.6186673737,0.3273811999,0.05077759828,0.003126786214,0.00004701388757,0.00000002802301314
3,12,0.3225738051,0.4963035491,0.1618355364,0.01874330489,0.0005430184637,0.0000007860225488
4,12,0.1251780927,0.4817472292,0.3200766312,0.06914249188,0.003842135643,0.00001341934814
5,12,0.03635002209,0.3321292635,0.4376730582,0.1750892240,0.01860288800,0.0001555442611
6,12,0.007925039502,0.1697974170,0.4350705123,0.3207593917,0.06515509597,0.001292543565
7,12,0.001292543565,0.06515509597,0.3207593917,0.4350705123,0.1697974170,0.007925039502
8,12,0.0001555442611,0.01860288800,0.1750892240,0.4376730582,0.3321292635,0.03635002209
9,12,0.00001341934814,0.003842135643,0.06914249188,0.3200766312,0.4817472292,0.1251780927
10,12,0.0000007860225488,0.0005430184637,0.01874330489,0.1618355364,0.4963035491,0.3225738051
11,12,0.00000002802301314,0.00004701388757,0.003126786214,0.05077759828,0.3273811999,0.6186673737
12,12,0.0000000004593936580,0.000001881217030,0.0002422589486,0.007463206004,0.1044493082,0.8878433452
1,13,0.9065361210,0.08832564790,0.005016160774,0.0001214430870,0.0000006271489088,0.00000000007656560967
2,13,0.6635300356,0.2979332312,0.03682774877,0.001692049287,0.00001693003448,0.000000005053330238
3,13,0.3719227332,0.4893450275,0.1275017706,0.01101783931,0.0002124750795,0.0000001543562691
4,13,0.1580773781,0.5194986213,0.2762814225,0.04449485680,0.001644829744,0.000002891576815
5,13,0.05115470052,0.3968065972,0.4186158508,0.1245996708,0.008786073915,0.00003710683363
6,13,0.01266253660,0.2286455296,0.4681645901,0.2558725091,0.03430979054,0.0003450441450
7,13,0.002397959554,0.1011412856,0.3964607548,0.3964607548,0.1011412856,0.002397959554
8,13,0.0003450441450,0.03430979054,0.2558725091,0.4681645901,0.2286455296,0.01266253660
9,13,0.00003710683363,0.008786073915,0.1245996708,0.4186158508,0.3968065972,0.05115470052
10,13,0.000002891576815,0.001644829744,0.04449485680,0.2762814225,0.5194986213,0.1580773781
11,13,0.0000001543562691,0.0002124750795,0.01101783931,0.1275017706,0.4893450275,0.3719227332
12,13,0.000000005053330238,0.00001693003448,0.001692049287,0.03682774877,0.2979332312,0.6635300356
13,13,0.00000000007656560967,0.0000006271489088,0.0001214430870,0.005016160774,0.08832564790,0.9065361210
1,14,0.9221134342,0.07446107843,0.003364452235,0.00006082608109,0.0000002090623972,0.00000000001276093494
2,14,0.7040310499,0.2685650510,0.02648837178,0.0009094641642,0.000006062273559,0.0000000009060263811
3,14,0.4205239503,0.4741423125,0.09886401070,0.006387560025,0.00008213659999,0.00000002993715338
4,14,0.1937182706,0.5450883158,0.2325068901,0.02799553004,0.0006903828379,0.0000006105596933
5,14,0.06897514678,0.4555243848,0.3857177536,0.08574317371,0.004030947011,0.000008594119618
6,14,0.01907789725,0.2911145794,0.4778324257,0.1945413656,0.01734530234,0.00008842971886
7,14,0.004108722395,0.1453534631,0.4552741426,0.3376473670,0.05692910814,0.0006871967132
8,14,0.0006871967132,0.05692910814,0.3376473670,0.4552741426,0.1453534631,0.004108722395
9,14,0.00008842971886,0.01734530234,0.1945413656,0.4778324257,0.2911145794,0.01907789725
10,14,0.000008594119618,0.004030947011,0.08574317371,0.3857177536,0.4555243848,0.06897514678
11,14,0.0000006105596933,0.0006903828379,0.02799553004,0.2325068901,0.5450883158,0.1937182706
12,14,0.00000002993715338,0.00008213659999,0.006387560025,0.09886401070,0.4741423125,0.4205239503
13,14,0.0000000009060263811,0.000006062273559,0.0009094641642,0.02648837178,0.2685650510,0.7040310499
14,14,0.00000000001276093494,0.0000002090623972,0.00006082608109,0.003364452235,0.07446107843,0.9221134342
1,15,0.9350945285,0.06262181326,0.002253140682,0.00003044788641,0.00000006968959255,0.000000000002126822491
2,15,0.7403781139,0.2402107909,0.01892281396,0.0004861208067,0.000002160281662,0.0000000001616385093
3,15,0.4677751335,0.4528677419,0.07566449760,0.003661195988,0.00003142522089,0.000000005744547547
4,15,0.2315192172,0.5592405947,0.1916620631,0.01729301618,0.0002849821164,0.0000001267075767
5,15,0.08976566742,0.5061695491,0.3448301643,0.05742744317,0.001805234822,0.000001941153014
6,15,0.02739410551,0.3542340561,0.4674929321,0.1423746348,0.008482371388,0.00002190005283
7,15,0.006603584872,0.1964353644,0.4933416660,0.2727914618,0.03063969877,0.0001882242179
8,15,0.001257450994,0.08697414741,0.4117684016,0.4117684016,0.08697414741,0.001257450994
9,15,0.0001882242179,0.03063969877,0.2727914618,0.4933416660,0.1964353644,0.006603584872
10,15,0.00002190005283,0.008482371388,0.1423746348,0.4674929321,0.3542340561,0.02739410551
11,15,0.000001941153014,0.001805234822,0.05742744317,0.3448301643,0.5061695491,0.08976566742
12,15,0.0000001267075767,0.0002849821164,0.01729301618,0.1916620631,0.5592405947,0.2315192172
13,15,0.000000005744547547,0.00003142522089,0.003661195988,0.07566449760,0.4528677419,0.4677751335
14,15,0.0000000001616385093,0.000002160281662,0.0004861208067,0.01892281396,0.2402107909,0.7403781139
15,15,0.000000000002126822491,0.00000006968959255,0.00003044788641,0.002253140682,0.06262181326,0.9350945285
1,16,0.9459121071,0.05256545409,0.001507180051,0.00001523555849,0.00000002323021866,0.0000000000003544704151
2,16,0.7728308497,0.2134672008,0.01344255015,0.0002586328051,0.0000007665802010,0.00000000002871210362
3,16,0.5132089636,0.4274159216,0.05728466067,0.002078536818,0.00001191619189,0.000000001092123349
4,16,0.2708952033,0.5631589631,0.1553104576,0.01051938572,0.0001159643466,0.00000002590505241
5,16,0.1133912591,0.5474854893,0.3007168796,0.03761390753,0.0007920354259,0.0000004291151496
6,16,0.03778936583,0.4152744808,0.4418793907,0.1010172216,0.004034273494,0.000005267636316
7,16,0.01006867164,0.2525000151,0.5101821678,0.2113036569,0.01589586788,0.00004962074701
8,16,0.002148473307,0.1243522420,0.4716895923,0.3518472109,0.04959605278,0.0003664286805
9,16,0.0003664286805,0.04959605278,0.3518472109,0.4716895923,0.1243522420,0.002148473307
10,16,0.00004962074701,0.01589586788,0.2113036569,0.5101821678,0.2525000151,0.01006867164
11,16,0.000005267636316,0.004034273494,0.1010172216,0.4418793907,0.4152744808,0.03778936583
12,16,0.0000004291151496,0.0007920354259,0.03761390753,0.3007168796,0.5474854893,0.1133912591
13,16,0.00000002590505241,0.0001159643466,0.01051938572,0.1553104576,0.5631589631,0.2708952033
14,16,0.000000001092123349,0.00001191619189,0.002078536818,0.05728466067,0.4274159216,0.5132089636
15,16,0.00000000002871210362,0.0000007665802010,0.0002586328051,0.01344255015,0.2134672008,0.7728308497
16,16,0.0000000000003544704151,0.00000002323021866,0.00001523555849,0.001507180051,0.05256545409,0.9459121071
1,17,0.9549267559,0.04405828488,0.001007329832,0.000007621651007,0.000000007743465297,0.00000000000005907840252
2,17,0.8016777259,0.1886801614,0.009504783554,0.0001370580782,0.0000002710182724,0.000000000005080742617
3,17,0.5564792780,0.3993699957,0.04297579961,0.001170443257,0.000004483294666,0.0000000002059473112
4,17,0.3112808300,0.5582969093,0.1240593456,0.006316306766,0.00004660304560,0.000000005227611525
5,17,0.1396419164,0.5789606379,0.2568765716,0.02417939234,0.0003413885747,0.00000009310673527
6,17,0.05038968136,0.4719451325,0.4059336188,0.06985674398,0.001873587869,0.000001235535344
7,17,0.01468878734,0.3113782860,0.5077799726,0.1581447638,0.007995530473,0.00001265982143
8,17,0.003468506363,0.1683881994,0.5136138753,0.2872449327,0.02718206417,0.0001024220693
9,17,0.0006634361182,0.07481178997,0.4245247739,0.4245247739,0.07481178997,0.0006634361182
10,17,0.0001024220693,0.02718206417,0.2872449327,0.5136138753,0.1683881994,0.003468506363
11,17,0.00001265982143,0.007995530473,0.1581447638,0.5077799726,0.3113782860,0.01468878734
12,17,0.000001235535344,0.001873587869,0.06985674398,0.4059336188,0.4719451325,0.05038968136
13,17,0.00000009310673527,0.0003413885747,0.02417939234,0.2568765716,0.5789606379,0.1396419164
14,17,0.000000005227611525,0.00004660304560,0.006316306766,0.1240593456,0.5582969093,0.3112808300
15,17,0.0000000002059473112,0.000004483294666,0.001170443257,0.04297579961,0.3993699957,0.5564792780
16,17,0.000000000005080742617,0.0000002710182724,0.0001370580782,0.009504783554,0.1886801614,0.8016777259
17,17,0.00000000000005907840252,0.000000007743465297,0.000007621651007,0.001007329832,0.04405828488,0.9549267559
1,18,0.9624389632,0.03688439727,0.0006728247873,0.000003812116091,0.000000002581164945,0.000000000000009846400420
2,18,0.8272192309,0.1660143742,0.006693915598,0.00007238374458,0.00000009550257127,0.0000000000008960224382
3,18,0.5973456859,0.3700064589,0.03199172720,0.0006544527472,0.000001675143881,0.00000000003855850404
4,18,0.3521472380,0.5461876795,0.09789616166,0.003750395807,0.00001852404859,0.000000001042891347
5,18,0.1682484020,0.6006792140,0.2156304895,0.01529699512,0.0001448795352,0.00000001987413215
6,18,0.06526505387,0.5224923401,0.3641163853,0.04727362511,0.0008523120775,0.0000002835115034
7,18,0.02063893635,0.3708507172,0.4895680858,0.1150229817,0.003916139451,0.000003139583025
8,18,0.005338553193,0.2179216085,0.5363986518,0.2259075642,0.01440600208,0.00002762019607
9,18,0.001130947826,0.1064714382,0.4851329045,0.3639166433,0.04315214178,0.0001959244107
10,18,0.0001959244107,0.04315214178,0.3639166433,0.4851329045,0.1064714382,0.001130947826
11,18,0.00002762019607,0.01440600208,0.2259075642,0.5363986518,0.2179216085,0.005338553193
12,18,0.000003139583025,0.003916139451,0.1150229817,0.4895680858,0.3708507172,0.02063893635
13,18,0.0000002835115034,0.0008523120775,0.04727362511,0.3641163853,0.5224923401,0.06526505387
14,18,0.00000001987413215,0.0001448795352,0.01529699512,0.2156304895,0.6006792140,0.1682484020
15,18,0.000000001042891347,0.00001852404859,0.003750395807,0.09789616166,0.5461876795,0.3521472380
16,18,0.00000000003855850404,0.000001675143881,0.0006544527472,0.03199172720,0.3700064589,0.5973456859
17,18,0.0000000000008960224382,0.00000009550257127,0.00007238374458,0.006693915598,0.1660143742,0.8272192309
18,18,0.000000000000009846400420,0.000000002581164945,0.000003812116091,0.0006728247873,0.03688439727,0.9624389632
1,19,0.9686991360,0.03084977098,0.0004491856411,0.000001906488241,0.0000000008603899562,0.000000000000001641066737
2,19,0.8497558530,0.1455076706,0.004698329420,0.00003811341738,0.00000003355511475,0.0000000000001575424067
3,19,0.6356579434,0.3403213549,0.02365639811,0.0003636815257,0.0000006220559517,0.000000000007173102706
4,19,0.3930136460,0.5283270139,0.07644681567,0.002205232595,0.000007291612839,0.0000000002059473112
5,19,0.1988982080,0.6131651751,0.1783312091,0.009544757851,0.00006064568265,0.000000004181431481
6,19,0.08242894523,0.5657185228,0.3200684744,0.03140325948,0.0003807343222,0.00000006381369402
7,19,0.02807662260,0.4288356111,0.4595535256,0.08165941732,0.001874063881,0.0000007595234237
8,19,0.007888617051,0.2714480419,0.5410216174,0.1722176635,0.007416840429,0.000007219685199
9,19,0.001832215387,0.1443227625,0.5300420741,0.2997311778,0.02401609935,0.00005567089852
10,19,0.0003517616466,0.06441441114,0.4352338272,0.4352338272,0.06441441114,0.0003517616466
11,19,0.00005567089852,0.02401609935,0.2997311778,0.5300420741,0.1443227625,0.001832215387
12,19,0.000007219685199,0.007416840429,0.1722176635,0.5410216174,0.2714480419,0.007888617051
13,19,0.0000007595234237,0.001874063881,0.08165941732,0.4595535256,0.4288356111,0.02807662260
14,19,0.00000006381369402,0.0003807343222,0.03140325948,0.3200684744,0.5657185228,0.08242894523
15,19,0.000000004181431481,0.00006064568265,0.009544757851,0.1783312091,0.6131651751,0.1988982080
16,19,0.0000000002059473112,0.000007291612839,0.002205232595,0.07644681567,0.5283270139,0.3930136460
17,19,0.000000000007173102706,0.0000006220559517,0.0003636815257,0.02365639811,0.3403213549,0.6356579434
18,19,0.0000000000001575424067,0.00000003355511475,0.00003811341738,0.004698329420,0.1455076706,0.8497558530
19,19,0.000000000000001641066737,0.0000000008603899562,0.000001906488241,0.0004491856411,0.03084977098,0.9686991360
1,20,0.9739159467,0.02578332464,0.0002997749855,0.0000009533875192,0.0000000002867969256,0.0000000000000002735111228
2,20,0.8695797335,0.1271122513,0.003287988097,0.00002001540196,0.00000001175865754,0.00000000000002762462340
3,20,0.6713409284,0.3110664450,0.01739140132,0.0002009955562,0.0000002297232297,0.000000000001326802457
4,20,0.4334543622,0.5060991772,0.05915804662,0.001285568686,0.000002845274710,0.00000000004030213745
5,20,0.2312507810,0.6172383611,0.1456018919,0.005883888231,0.00002507696536,0.0000000008685280061
6,20,0.1018404890,0.6009456174,0.2765191609,0.02052736671,0.0001673518345,0.00000001412014190
7,20,0.03713534304,0.4835219687,0.4216835390,0.05678034261,0.0008786267933,0.0000001797653156
8,20,0.01125328464,0.3272752325,0.5298835006,0.1278634132,0.003722732757,0.000001836217053
9,20,0.002841615664,0.1877072559,0.5577287926,0.2387490390,0.01295800194,0.00001529488742
10,20,0.0005985039366,0.09129727055,0.4962027515,0.3742649029,0.03753155174,0.0001050193565
11,20,0.0001050193565,0.03753155174,0.3742649029,0.4962027515,0.09129727055,0.0005985039366
12,20,0.00001529488742,0.01295800194,0.2387490390,0.5577287926,0.1877072559,0.002841615664
13,20,0.000001836217053,0.003722732757,0.1278634132,0.5298835006,0.3272752325,0.01125328464
14,20,0.0000001797653156,0.0008786267933,0.05678034261,0.4216835390,0.4835219687,0.03713534304
15,20,0.00000001412014190,0.0001673518345,0.02052736671,0.2765191609,0.6009456174,0.1018404890
16,20,0.0000000008685280061,0.00002507696536,0.005883888231,0.1456018919,0.6172383611,0.2312507810
17,20,0.00000000004030213745,0.000002845274710,0.001285568686,0.05915804662,0.5060991772,0.4334543622
18,20,0.000000000001326802457,0.0000002297232297,0.0002009955562,0.01739140132,0.3110664450,0.6713409284
19,20,0.00000000000002762462340,0.00000001175865754,0.00002001540196,0.003287988097,0.1271122513,0.8695797335
20,20,0.0000000000000002735111228,0.0000000002867969256,0.0000009533875192,0.0002997749855,0.02578332464,0.9739159467
1,21,0.9782632889,0.02153622531,0.0002000089361,0.0000004767415591,0.00000000009559902077,0.00000000000000004558518713
2,21,0.8869691023,0.1107253113,0.002295095974,0.00001048630672,0.000000004110755021,0.000000000000004832029836
3,21,0.7043807292,0.2827881813,0.01272046327,0.0001105418067,0.00000008441373144,0.0000000000002441542623
4,21,0.4731021232,0.4807360275,0.04541702964,0.0007437180531,0.000001101580219,0.000000000007822691623
5,21,0.2649513779,0.6138925633,0.1175573688,0.003588433878,0.00001025597630,0.0000000001783397822
6,21,0.1234088710,0.6279449139,0.2353443657,0.01322934216,0.00007250413035,0.000000003077130323
7,21,0.04791953404,0.5334473760,0.3794561491,0.03877242810,0.0004044710950,0.00000004172767086
8,21,0.01556696104,0.3836711543,0.5061383189,0.09279617164,0.001826938190,0.0000004558406052
9,21,0.004243560494,0.2356318596,0.5684694209,0.1848476807,0.006803398929,0.000004079328781
10,21,0.0009723558912,0.1238077843,0.5434079549,0.3106175167,0.02116413928,0.00003024896560
11,21,0.0001872667865,0.05553570544,0.4442770278,0.4442770278,0.05553570544,0.0001872667865
12,21,0.00003024896560,0.02116413928,0.3106175167,0.5434079549,0.1238077843,0.0009723558912
13,21,0.000004079328781,0.006803398929,0.1848476807,0.5684694209,0.2356318596,0.004243560494
14,21,0.0000004558406052,0.001826938190,0.09279617164,0.5061383189,0.3836711543,0.01556696104
15,21,0.00000004172767086,0.0004044710950,0.03877242810,0.3794561491,0.5334473760,0.04791953404
16,21,0.000000003077130323,0.00007250413035,0.01322934216,0.2353443657,0.6279449139,0.1234088710
17,21,0.0000000001783397822,0.00001025597630,0.003588433878,0.1175573688,0.6138925633,0.2649513779
18,21,0.000000000007822691623,0.000001101580219,0.0007437180531,0.04541702964,0.4807360275,0.4731021232
19,21,0.0000000000002441542623,0.00000008441373144,0.0001105418067,0.01272046327,0.2827881813,0.7043807292
20,21,0.000000000000004832029836,0.000000004110755021,0.00001048630672,0.002295095974,0.1107253113,0.8869691023
21,21,0.00000000000000004558518713,0.00000000009559902077,0.0000004767415591,0.0002000089361,0.02153622531,0.9782632889
1,22,0.9818860741,0.01798026872,0.0001334187636,0.0000002383867127,0.00000000003186634786,0.000000000000000007597531188
2,22,0.9021848001,0.09621131371,0.001598402558,0.000005482193333,0.000000001433985152,0.0000000000000008433259619
3,22,0.7348121247,0.2558652868,0.009262030135,0.00006052744059,0.00000003087845372,0.00000000000004471906857
4,22,0.5116485576,0.4532998464,0.03462387309,0.0004272994589,0.0000004234704904,0.000000000001507243822
5,22,0.2996431688,0.6041988423,0.09398623414,0.002167601727,0.000004153073998,0.00000000003624220672
6,22,0.1469992888,0.6468512149,0.1976992266,0.008419263194,0.00003100584411,0.0000000006614715390
7,22,0.06050109020,0.5775281114,0.3357314032,0.02605621940,0.0001831662270,0.000000009518887079
8,22,0.02095905654,0.4389886570,0.4731520331,0.06602144674,0.0008786958121,0.0000001107464932
9,22,0.006130793919,0.2868655246,0.5638643191,0.1396519402,0.003486362351,0.000001059755301
10,22,0.001517556658,0.1616276768,0.5751212346,0.2501304170,0.01159467399,0.000008440934918
11,22,0.0003181149706,0.07842391324,0.5053520193,0.3832020362,0.03264749764,0.00005641860243
12,22,0.00005641860243,0.03264749764,0.3832020362,0.5053520193,0.07842391324,0.0003181149706
13,22,0.000008440934918,0.01159467399,0.2501304170,0.5751212346,0.1616276768,0.001517556658
14,22,0.000001059755301,0.003486362351,0.1396519402,0.5638643191,0.2868655246,0.006130793919
15,22,0.0000001107464932,0.0008786958121,0.06602144674,0.4731520331,0.4389886570,0.02095905654
16,22,0.000000009518887079,0.0001831662270,0.02605621940,0.3357314032,0.5775281114,0.06050109020
17,22,0.0000000006614715390,0.00003100584411,0.008419263194,0.1976992266,0.6468512149,0.1469992888
18,22,0.00000000003624220672,0.000004153073998,0.002167601727,0.09398623414,0.6041988423,0.2996431688
19,22,0.000000000001507243822,0.0000004234704904,0.0004272994589,0.03462387309,0.4532998464,0.5116485576
20,22,0.00000000000004471906857,0.00000003087845372,0.00006052744059,0.009262030135,0.2558652868,0.7348121247
21,22,0.0000000000000008433259619,0.000000001433985152,0.000005482193333,0.001598402558,0.09621131371,0.9021848001
22,22,0.000000000000000007597531188,0.00000000003186634786,0.0000002383867127,0.0001334187636,0.01798026872,0.9818860741
1,23,0.9849050617,0.01500583347,0.00008898557881,0.0000001191986674,0.00000000001062211722,0.000000000000000001266255198
2,23,0.9154683458,0.08341784438,0.001110948828,0.000002860523710,0.0000000004992394219,0.0000000000000001468856030
3,23,0.7627075706,0.2305427417,0.006716666725,0.00003300972438,0.00000001124881532,0.000000000000008155949731
4,23,0.5488424854,0.4246822544,0.02623111954,0.0002439788820,0.0000001617427097,0.0000000000002884731942
5,23,0.3349774002,0.5892334084,0.07448945244,0.001298072199,0.000001666677449,0.000000000007296404306
6,23,0.1724399355,0.6580744040,0.1641746483,0.005297908026,0.00001310410157,0.0000000001404470954
7,23,0.07491745664,0.6150521790,0.2926855319,0.01726310283,0.00008172744797,0.000000002137707462
8,23,0.02754939548,0.4917588141,0.4341219662,0.04615477154,0.0004150262933,0.00000002639015477
9,23,0.008602171022,0.3400446125,0.5463334086,0.1032714627,0.001748076160,0.0000002689146279
10,23,0.002286429535,0.2041424990,0.5911346244,0.1962437941,0.006190363093,0.000002289951904
11,23,0.0005180219186,0.1063584081,0.5543038278,0.3201830268,0.01862027815,0.00001643721284
12,23,0.0001000346638,0.04794991890,0.4519500464,0.4519500464,0.04794991890,0.0001000346638
13,23,0.00001643721284,0.01862027815,0.3201830268,0.5543038278,0.1063584081,0.0005180219186
14,23,0.000002289951904,0.006190363093,0.1962437941,0.5911346244,0.2041424990,0.002286429535
15,23,0.0000002689146279,0.001748076160,0.1032714627,0.5463334086,0.3400446125,0.008602171022
16,23,0.00000002639015477,0.0004150262933,0.04615477154,0.4341219662,0.4917588141,0.02754939548
17,23,0.000000002137707462,0.00008172744797,0.01726310283,0.2926855319,0.6150521790,0.07491745664
18,23,0.0000000001404470954,0.00001310410157,0.005297908026,0.1641746483,0.6580744040,0.1724399355
19,23,0.000000000007296404306,0.000001666677449,0.001298072199,0.07448945244,0.5892334084,0.3349774002
20,23,0.0000000000002884731942,0.0000001617427097,0.0002439788820,0.02623111954,0.4246822544,0.5488424854
21,23,0.000000000000008155949731,0.00000001124881532,0.00003300972438,0.006716666725,0.2305427417,0.7627075706
22,23,0.0000000000000001468856030,0.0000000004992394219,0.000002860523710,0.001110948828,0.08341784438,0.9154683458
23,23,0.000000000000000001266255198,0.00000000001062211722,0.0000001191986674,0.00008898557881,0.01500583347,0.9849050617
1,24,0.9874208848,0.01251971202,0.00005934358742,0.00000005960110407,0.000000000003540705950,0.0000000000000000002110425330
2,24,0.9270411318,0.07218662674,0.0007707513807,0.000001489942625,0.0000000001734945764,0.00000000000000002553614649
3,24,0.7881676998,0.2069612384,0.004853120751,0.00001793691564,0.000000004082432722,0.000000000000001481729624
4,24,0.5844866663,0.3956132644,0.01976148854,0.0001385193856,0.00000006141349350,0.00000000000005487549048
5,24,0.3706215811,0.5700272046,0.05857927452,0.0007712763642,0.0000006633887907,0.000000000001456461713
6,24,0.1995295129,0.6622169829,0.1349481286,0.003299896372,0.000005479174349,0.00000000002948818616
7,24,0.09117120312,0.6456466671,0.2518542074,0.01129194299,0.00003597888325,0.0000000004733238232
8,24,0.03544407234,0.5407512793,0.3918473201,0.03176449103,0.0001928311052,0.000000006179782014
9,24,0.01176004177,0.3937738838,0.5186712584,0.07493533254,0.0008594166696,0.00000006681090029
10,24,0.003339053116,0.2504958271,0.5924369923,0.1504983464,0.003229175310,0.0000006057541739
11,24,0.0008127565213,0.1392478396,0.5893113092,0.2602874209,0.01033602599,0.000004647828726
12,24,0.0001696992063,0.06748907983,0.5129313499,0.3909687430,0.02841075797,0.00003037012133
13,24,0.00003037012133,0.02841075797,0.3909687430,0.5129313499,0.06748907983,0.0001696992063
14,24,0.000004647828726,0.01033602599,0.2602874209,0.5893113092,0.1392478396,0.0008127565213
15,24,0.0000006057541739,0.003229175310,0.1504983464,0.5924369923,0.2504958271,0.003339053116
16,24,0.00000006681090029,0.0008594166696,0.07493533254,0.5186712584,0.3937738838,0.01176004177
17,24,0.000000006179782014,0.0001928311052,0.03176449103,0.3918473201,0.5407512793,0.03544407234
18,24,0.0000000004733238232,0.00003597888325,0.01129194299,0.2518542074,0.6456466671,0.09117120312
19,24,0.00000000002948818616,0.000005479174349,0.003299896372,0.1349481286,0.6622169829,0.1995295129
20,24,0.000000000001456461713,0.0000006633887907,0.0007712763642,0.05857927452,0.5700272046,0.3706215811
21,24,0.00000000000005487549048,0.00000006141349350,0.0001385193856,0.01976148854,0.3956132644,0.5844866663
22,24,0.000000000000001481729624,0.000000004082432722,0.00001793691564,0.004853120751,0.2069612384,0.7881676998
23,24,0.00000000000000002553614649,0.0000000001734945764,0.000001489942625,0.0007707513807,0.07218662674,0.9270411318
24,24,0.0000000000000000002110425330,0.000000000003540705950,0.00000005960110407,0.00005934358742,0.01251971202,0.9874208848
1,25,0.9895174040,0.01044299388,0.00003957232572,0.00000002980114215,0.000000000001180235352,0.00000000000000000003517375550
2,25,0.9371044239,0.06236094733,0.0005338538682,0.0000007748001901,0.00000000006019200031,0.000000000000000004431893193
3,25,0.8113132718,0.1851819399,0.003495072775,0.000009714080624,0.000000001476474201,0.0000000000000002682350595
4,25,0.6184335052,0.3666760946,0.01481213925,0.00007823770578,0.00000002319279521,0.00000000000001038068977
5,25,0.4062657620,0.5475334054,0.04574557235,0.0004549982043,0.0000002620721595,0.0000000000002884731942
6,25,0.2280448576,0.6600024015,0.1099140832,0.002036389004,0.000002268655315,0.000000000006128415787
7,25,0.1092309214,0.6692298240,0.2142226056,0.007301003039,0.00001564581796,0.0000000001034607923
8,25,0.04473192747,0.5850042637,0.3486211835,0.02155436000,0.00008826390829,0.000000001424400188
9,25,0.01570738020,0.4467136874,0.4837028602,0.05346101948,0.0004150363985,0.00000001628496839
10,25,0.004742551225,0.2996586774,0.5808372996,0.1131118891,0.001649426040,0.0000001566347792
11,25,0.001233805954,0.1767515515,0.6098365314,0.2065780324,0.005598799215,0.000001279433266
12,25,0.0002768754254,0.09151584265,0.5631882990,0.3286448243,0.01636522370,0.000008934877493
13,25,0.00005359163548,0.04146008677,0.4584863216,0.4584863216,0.04146008677,0.00005359163548
14,25,0.000008934877493,0.01636522370,0.3286448243,0.5631882990,0.09151584265,0.0002768754254
15,25,0.000001279433266,0.005598799215,0.2065780324,0.6098365314,0.1767515515,0.001233805954
16,25,0.0000001566347792,0.001649426040,0.1131118891,0.5808372996,0.2996586774,0.004742551225
17,25,0.00000001628496839,0.0004150363985,0.05346101948,0.4837028602,0.4467136874,0.01570738020
18,25,0.000000001424400188,0.00008826390829,0.02155436000,0.3486211835,0.5850042637,0.04473192747
19,25,0.0000000001034607923,0.00001564581796,0.007301003039,0.2142226056,0.6692298240,0.1092309214
20,25,0.000000000006128415787,0.000002268655315,0.002036389004,0.1099140832,0.6600024015,0.2280448576
21,25,0.0000000000002884731942,0.0000002620721595,0.0004549982043,0.04574557235,0.5475334054,0.4062657620
22,25,0.00000000000001038068977,0.00000002319279521,0.00007823770578,0.01481213925,0.3666760946,0.6184335052
23,25,0.0000000000000002682350595,0.000000001476474201,0.000009714080624,0.003495072775,0.1851819399,0.8113132718
24,25,0.000000000000000004431893193,0.00000000006019200031,0.0000007748001901,0.0005338538682,0.06236094733,0.9371044239
25,25,0.00000000000000000003517375550,0.000000000001180235352,0.00000002980114215,0.00003957232572,0.01044299388,0.9895174040
1,26,0.9912645033,0.008709095257,0.00002638651753,0.00000001490076778,0.0000000000003934117899,0.000000000000000000005862292584
2,26,0.9458399206,0.05379045953,0.0003692175304,0.0000004023105014,0.00000000002085082441,0.0000000000000000007679603284
3,26,0.8322784638,0.1652068010,0.002509489922,0.000005244676454,0.0000000005322861112,0.00000000000000004839908757
4,26,0.6505801330,0.3383246708,0.01105120798,0.00004397951259,0.000000008715249557,0.000000000000001953644177
5,26,0.4416270525,0.5226089257,0.03549726121,0.0002666577683,0.0000001028192963,0.00000000000005672944050
6,26,0.2577483417,0.6522162202,0.08878847913,0.001246028036,0.0000009309341848,0.000000000001261796960
7,26,0.1290332441,0.6859563392,0.1803327633,0.004670925565,0.000006727725751,0.00000000002235047855
8,26,0.05548175980,0.6238292828,0.3062093203,0.01443978475,0.00003985206822,0.0000000003236173583
9,26,0.02054480474,0.4976479707,0.4440478758,0.03756215430,0.0001971905484,0.000000003901161556
10,26,0.006570022720,0.3505044856,0.5586067198,0.08349220928,0.0008265230041,0.00000003967660353
11,26,0.001818596832,0.2183053844,0.6164062274,0.1605033767,0.002966070898,0.0000003437678603
12,26,0.0004363638468,0.1200872340,0.6008778551,0.2694071084,0.009188883284,0.000002555340637
13,26,0.00009080560048,0.05818255269,0.5192171503,0.3977554929,0.02473762085,0.00001637767049
14,26,0.00001637767049,0.02473762085,0.3977554929,0.5192171503,0.05818255269,0.00009080560048
15,26,0.000002555340637,0.009188883284,0.2694071084,0.6008778551,0.1200872340,0.0004363638468
16,26,0.0000003437678603,0.002966070898,0.1605033767,0.6164062274,0.2183053844,0.001818596832
17,26,0.00000003967660353,0.0008265230041,0.08349220928,0.5586067198,0.3505044856,0.006570022720
18,26,0.000000003901161556,0.0001971905484,0.03756215430,0.4440478758,0.4976479707,0.02054480474
19,26,0.0000000003236173583,0.00003985206822,0.01443978475,0.3062093203,0.6238292828,0.05548175980
20,26,0.00000000002235047855,0.000006727725751,0.004670925565,0.1803327633,0.6859563392,0.1290332441
21,26,0.000000000001261796960,0.0000009309341848,0.001246028036,0.08878847913,0.6522162202,0.2577483417
22,26,0.00000000000005672944050,0.0000001028192963,0.0002666577683,0.03549726121,0.5226089257,0.4416270525
23,26,0.000000000000001953644177,0.000000008715249557,0.00004397951259,0.01105120798,0.3383246708,0.6505801330
24,26,0.00000000000000004839908757,0.0000000005322861112,0.000005244676454,0.002509489922,0.1652068010,0.8322784638
25,26,0.0000000000000000007679603284,0.00000000002085082441,0.0000004023105014,0.0003692175304,0.05379045953,0.9458399206
26,26,0.000000000000000000005862292584,0.0000000000003934117899,0.00000001490076778,0.00002638651753,0.008709095257,0.9912645033
1,27,0.9927204194,0.007261979617,0.00001759349522,0.000000007450449460,0.0000000000001311372643,0.0000000000000000000009770487639
2,27,0.9534106844,0.04633410189,0.0002550050978,0.0000002086090442,0.000000000007212549455,0.0000000000000000001328786319
3,27,0.8512053733,0.1469949300,0.001796872938,0.000002823578717,0.0000000001913292613,0.000000000000000008706481535
4,27,0.6808631881,0.3109017694,0.008210425796,0.00002461345835,0.000000003259940911,0.0000000000000003659399358
5,27,0.4764525659,0.4960063541,0.02738570553,0.0001553343245,0.00000004008327427,0.00000000000001108294357
6,27,0.2883947935,0.6396602405,0.07118810622,0.0007564809213,0.0000003788577933,0.0000000000002575740270
7,27,0.1504857604,0.6961621492,0.1503897843,0.002959442936,0.000002863201555,0.000000000004776577224
8,27,0.06774034052,0.6567968823,0.2658841319,0.009560875933,0.00001776922345,0.00000000007256162518
9,27,0.02636763058,0.5455312339,0.4019816426,0.02602719320,0.00009229882456,0.0000000009198747246
10,27,0.008899153057,0.4018814443,0.5281803423,0.06063207649,0.0004069739962,0.000000009863735219
11,27,0.002610501147,0.2631636558,0.6103315614,0.1223544350,0.001539756317,0.00000009035847967
12,27,0.0006667360111,0.1530569896,0.6252421051,0.2159927465,0.005040710289,0.0000007123633231
13,27,0.0001483986415,0.07887503951,0.5704225426,0.3361750606,0.01437409953,0.000004859062279
14,27,0.00002878232549,0.03589833612,0.4640728816,0.4640728816,0.03589833612,0.00002878232549
15,27,0.000004859062279,0.01437409953,0.3361750606,0.5704225426,0.07887503951,0.0001483986415
16,27,0.0000007123633231,0.005040710289,0.2159927465,0.6252421051,0.1530569896,0.0006667360111
17,27,0.00000009035847967,0.001539756317,0.1223544350,0.6103315614,0.2631636558,0.002610501147
18,27,0.000000009863735219,0.0004069739962,0.06063207649,0.5281803423,0.4018814443,0.008899153057
19,27,0.0000000009198747246,0.00009229882456,0.02602719320,0.4019816426,0.5455312339,0.02636763058
20,27,0.00000000007256162518,0.00001776922345,0.009560875933,0.2658841319,0.6567968823,0.06774034052
21,27,0.000000000004776577224,0.000002863201555,0.002959442936,0.1503897843,0.6961621492,0.1504857604
22,27,0.0000000000002575740270,0.0000003788577933,0.0007564809213,0.07118810622,0.6396602405,0.2883947935
23,27,0.00000000000001108294357,0.00000004008327427,0.0001553343245,0.02738570553,0.4960063541,0.4764525659
24,27,0.0000000000000003659399358,0.000000003259940911,0.00002461345835,0.008210425796,0.3109017694,0.6808631881
25,27,0.000000000000000008706481535,0.0000000001913292613,0.000002823578717,0.001796872938,0.1469949300,0.8512053733
26,27,0.0000000000000000001328786319,0.000000000007212549455,0.0000002086090442,0.0002550050978,0.04633410189,0.9534106844
27,27,0.0000000000000000000009770487639,0.0000000000001311372643,0.000000007450449460,0.00001759349522,0.007261979617,0.9927204194
1,28,0.9939336829,0.006054583172,0.00001173023857,0.000000003725246586,0.00000000000004371242158,0.0000000000000000000001628414607
2,28,0.9599623069,0.03986168364,0.0001759014245,0.0000001080309270,0.000000000002491608017,0.00000000000000000002296064595
3,28,0.8682395918,0.1304755391,0.001283352850,0.000001516124567,0.00000000006858478816,0.000000000000000001561812449
4,28,0.7092535523,0.2846565204,0.006076207001,0.00001371902997,0.000000001214199871,0.00000000000000006824539059
5,28,0.5105210030,0.4683732629,0.02101573857,0.00008998002864,0.00000001553438715,0.000000000000002152107207
6,28,0.3197377556,0.6231185738,0.05668755355,0.0004559640854,0.0000001530081550,0.00000000000005216479081
7,28,0.1734705992,0.7003130185,0.1243567993,0.001858375986,0.000001206973134,0.000000000001010741227
8,28,0.08153124383,0.6837095413,0.2284887392,0.006262643783,0.000007831886818,0.00000000001607408522
9,28,0.03326308224,0.5895152350,0.3593726136,0.01780645631,0.00004261256504,0.0000000002137804751
10,28,0.01181056598,0.4526761204,0.4919340370,0.04338208220,0.0001971920391,0.000000002410518140
11,28,0.003658609799,0.3104510273,0.5934236919,0.09168206622,0.0007845815191,0.00000002327952596
12,28,0.0009906968671,0.1900831725,0.6364619052,0.1697571868,0.002706844642,0.0000001940259536
13,28,0.0002347882031,0.1036887458,0.6102823718,0.2776401596,0.008152531152,0.000001403479816
14,28,0.00004871837816,0.05024383997,0.5244304320,0.4037153311,0.02155283227,0.000008846272814
15,28,0.000008846272814,0.02155283227,0.4037153311,0.5244304320,0.05024383997,0.00004871837816
16,28,0.000001403479816,0.008152531152,0.2776401596,0.6102823718,0.1036887458,0.0002347882031
17,28,0.0000001940259536,0.002706844642,0.1697571868,0.6364619052,0.1900831725,0.0009906968671
18,28,0.00000002327952596,0.0007845815191,0.09168206622,0.5934236919,0.3104510273,0.003658609799
19,28,0.000000002410518140,0.0001971920391,0.04338208220,0.4919340370,0.4526761204,0.01181056598
20,28,0.0000000002137804751,0.00004261256504,0.01780645631,0.3593726136,0.5895152350,0.03326308224
21,28,0.00000000001607408522,0.000007831886818,0.006262643783,0.2284887392,0.6837095413,0.08153124383
22,28,0.000000000001010741227,0.000001206973134,0.001858375986,0.1243567993,0.7003130185,0.1734705992
23,28,0.00000000000005216479081,0.0000001530081550,0.0004559640854,0.05668755355,0.6231185738,0.3197377556
24,28,0.000000000000002152107207,0.00000001553438715,0.00008998002864,0.02101573857,0.4683732629,0.5105210030
25,28,0.00000000000000006824539059,0.000000001214199871,0.00001371902997,0.006076207001,0.2846565204,0.7092535523
26,28,0.000000000000000001561812449,0.00000000006858478816,0.000001516124567,0.001283352850,0.1304755391,0.8682395918
